MEMORY
  total            13.8 MB
  struct          159.2 KB
  buffer          644.2 KB
  arena            13.0 MB, used 0.2%

SIZES
  narena                13631488
  nbuffer               659648
  nplugin               0
  maxuse_stack          1848
  maxuse_arena          31328
  maxuse_con            4
  maxuse_efc            23
  ncon                  2
  ne                    0
  nf                    6
  nl                    1
  nefc                  15
  nJ                    90
  nA                    0
  nisland               0
  nidof                 0
  threadpool            0

TIMER
    0:  duration =  7.2        number = 35
    1:  duration =  7.1        number = 35
    2:  duration =  0          number = 0
    3:  duration =  6.9        number = 35
    4:  duration =  0.058      number = 35
    5:  duration =  0.015      number = 35
    6:  duration =  0.12       number = 35
    7:  duration =  0.02       number = 35
    8:  duration =  0.11       number = 35
    9:  duration =  0.032      number = 35
    10:  duration =  6.6        number = 35
    11:  duration =  0.11       number = 35
    12:  duration =  0.0026     number = 35
    13:  duration =  0.1        number = 35
    14:  duration =  5.1        number = 35

SOLVER STAT
  solver_fwdinv =   0         0       
  ISLAND 0
    solver_niter = 1
    solver_nnz = 36
      0:  improvement =  0           gradient =  1.5e-19     lineslope =  5.6e-31 
          nactive = 15   nchange = 0   neval = 2   nupdate = 0

ENERGY =   0         0       

TIME =  5.5e+02 

QPOS
   5.6e-18 
  -1.7     
   1.6     
   1.2     
   0.026   
  -8.8e-05 

QVEL
  -6.9e-20 
  -5.1e-14 
  -5.2e-14 
   5e-14   
   6.7e-16 
  -2.8e-18 

QACC_WARMSTART
   3e-17   
   3.3e-17 
   1.6e-15 
  -5.3e-15 
   5.7e-16 
  -5.3e-18 

CTRL
   0       
  -1.7     
   1.7     
   1.7     
   0       
   0       

QFRC_APPLIED
   0       
   0       
   0       
   0       
   0       
   0       

XFRC_APPLIED
   0         0         0         0         0         0       
   0         0         0         0         0         0       
   0         0         0         0         0         0       
   0         0         0         0         0         0       
   0         0         0         0         0         0       
   0         0         0         0         0         0       
   0         0         0         0         0         0       
   0         0         0         0         0         0       

QACC
   3e-17   
   3.3e-17 
   1.6e-15 
  -5.3e-15 
   5.7e-16 
  -5.3e-18 

XPOS
   0         0         0       
   0         0         0       
   0.039    -9e-09     0.062   
   0.069    -0.018     0.12    
  -0.046    -0.018     0.12    
   0.086    -0.018     0.15    
   0.12     -0.00018   0.098   
   0.14      0.018     0.088   

XQUAT
   1         0         0         0       
   1         0         0         0       
   3.6e-16   1.2e-15  -1        -4.1e-16 
  -0.7       0.7       0.062     0.062   
  -0.057     0.057    -0.7      -0.7     
  -0.18      0.18     -0.68     -0.68    
   0.97      0.0029   -0.25     -0.011   
   0.68      0.69     -0.19      0.17    

XMAT
   1         0         0         0         1         0         0         0         1       
   1         0         0         0         1         0         0         0         1       
  -1        -2.5e-15  -7.1e-16  -2.5e-15   1         8.3e-16   7.1e-16   8.3e-16  -1       
   0.98      0.17     -2.5e-15   2.3e-15   1.2e-15   1         0.17     -0.98      7.3e-16 
  -0.99     -0.16     -2.6e-15  -2.5e-15  -8.3e-16   1        -0.16      0.99      3.9e-16 
  -0.87     -0.49     -3.1e-16   2.8e-17  -6.7e-16   1        -0.49      0.87      5.6e-16 
   0.87      0.02     -0.49     -0.023     1        -6.2e-16   0.49      0.011     0.87    
   0.87     -0.49     -0.02     -0.023    -2e-06    -1         0.49      0.87     -0.011   

XIPOS
   0         0         0       
   0.014    -5.2e-05   0.033   
   0.07     -1.7e-05   0.088   
  -0.021     0.00013   0.11    
   0.05      5.3e-06   0.14    
   0.1       0.0098    0.12    
   0.13      6.2e-05   0.076   
   0.16     -0.0011    0.061   

XIMAT
   1         0         0         0         1         0         0         0         1       
  -0.022     0.28      0.96      1         0.008     0.02     -0.002     0.96     -0.28    
  -1         0.026    -0.019     0.026     1        -0.0027    0.019    -0.0032   -1       
  -0.0024   -0.00036   1         0.0019    1         0.00036  -1         0.0019   -0.0024  
  -0.22     -0.01     -0.98      0.0015    1        -0.011     0.98     -0.0038   -0.22    
  -0.87     -0.43      0.24     -0.0032    0.49      0.87     -0.49      0.76     -0.43    
  -0.0069   -0.85      0.52      1        -0.01     -0.0031    0.0079    0.52      0.85    
   0.9      -0.007     0.43     -0.024    -1         0.034     0.43     -0.041    -0.9     

XANCHOR
   0.039    -9e-09     0.062   
   0.069    -0.018     0.12    
  -0.046    -0.018     0.12    
   0.086    -0.018     0.15    
   0.12     -0.00018   0.098   
   0.14      0.018     0.088   

XAXIS
  -7.1e-16   8.3e-16  -1       
  -2.4e-15   1         8.9e-16 
  -2.6e-15   1         8.9e-16 
  -2.8e-16   1         8.9e-16 
  -0.49     -6.2e-16   0.87    
  -0.02     -1        -0.011   

GEOM_XPOS
   0         0         0       
   0.0062   -9.7e-06   0.049   
   0.013    -3.6e-06   0.017   
   0.027    -1.2e-08   0.044   
  -0.029    -0.0002    0.047   
   0.069     0.0003    0.11    
   0.069     0.0003    0.11    
   0.072    -0.0003    0.086   
   0.072    -0.0003    0.086   
   0.066    -2e-05     0.056   
   0.066    -2e-05     0.056   
  -0.045     0.0003    0.11    
  -0.045     0.0003    0.11    
   0.0093    4.6e-05   0.11    
   0.0093    4.6e-05   0.11    
   0.0053   -0.00086   0.13    
   0.0053   -0.00086   0.13    
   0.056    -0.00019   0.14    
   0.056    -0.00019   0.14    
   0.075     0.0003    0.15    
   0.075     0.0003    0.15    
   0.11      0.012     0.11    
   0.11      0.012     0.11    
   0.1       0.0042    0.13    
   0.1       0.0042    0.13    
   0.13     -0.00016   0.082   
   0.13     -0.00016   0.082   
   0.12      0.00023   0.069   
   0.12      0.00023   0.069   
   0.16     -0.00068   0.065   
   0.16     -0.00068   0.065   

GEOM_XMAT
   1         0         0         0         1         0         0         0         1       
   0.097     0.008     1        -5.7e-17  -1         0.0081    1        -0.00078  -0.097   
   0.64      0.77      0.00076  -0.00017  -0.00084   1         0.77     -0.64     -0.0004  
  -1.3e-15  -0.025     1         1         4.4e-16   1.3e-15  -5e-16     1         0.025   
   1         0         0         0         0         1         0        -1         0       
  -1         2.4e-15   7.7e-16  -2.5e-15  -1        -0.025     7.1e-16  -0.025     1       
  -1         2.4e-15   7.7e-16  -2.5e-15  -1        -0.025     7.1e-16  -0.025     1       
  -0.0053    1         0.0075   -0.0084    0.0075   -1        -1        -0.0053    0.0084  
  -0.0053    1         0.0075   -0.0084    0.0075   -1        -1        -0.0053    0.0084  
  -0.0011    0.94     -0.35      1         0.0034    0.0061    0.0069   -0.35     -0.94    
  -0.0011    0.94     -0.35      1         0.0034    0.0061    0.0069   -0.35     -0.94    
  -0.98      0.0044   -0.17     -3.2e-15  -1        -0.025    -0.17     -0.025     0.98    
  -0.98      0.0044   -0.17     -3.2e-15  -1        -0.025    -0.17     -0.025     0.98    
  -0.19     -0.0033    0.98      0.0015   -1        -0.0031    0.98      0.00091   0.19    
  -0.19     -0.0033    0.98      0.0015   -1        -0.0031    0.98      0.00091   0.19    
   0.14      0.04     -0.99      0.00056  -1        -0.04     -0.99      0.0049   -0.14    
   0.14      0.04     -0.99      0.00056  -1        -0.04     -0.99      0.0049   -0.14    
  -0.99      0.17      0.0075   -0.0065    0.0068   -1        -0.17     -0.99     -0.0056  
  -0.99      0.17      0.0075   -0.0065    0.0068   -1        -0.17     -0.99     -0.0056  
  -0.16     -0.025     0.99     -1.4e-15  -1        -0.025     0.99     -0.0041    0.16    
  -0.16     -0.025     0.99     -1.4e-15  -1        -0.025     0.99     -0.0041    0.16    
  -0.87      0.48      0.088     0         0.18     -0.98     -0.49     -0.86     -0.16    
  -0.87      0.48      0.088     0         0.18     -0.98     -0.49     -0.86     -0.16    
  -0.86      0.33     -0.38     -0.012    -0.77     -0.64     -0.5      -0.55      0.67    
  -0.86      0.33     -0.38     -0.012    -0.77     -0.64     -0.5      -0.55      0.67    
   0.49     -0.0024    0.87      8.8e-16   1         0.0027   -0.87     -0.0013    0.49    
   0.49     -0.0024    0.87      8.8e-16   1         0.0027   -0.87     -0.0013    0.49    
   0.12     -0.98      0.15     -0.99     -0.12      0.0082    0.0097   -0.15     -0.99    
   0.12     -0.98      0.15     -0.99     -0.12      0.0082    0.0097   -0.15     -0.99    
   0.91     -0.02      0.42     -0.022    -1         0.00023   0.42     -0.0096   -0.91    
   0.91     -0.02      0.42     -0.022    -1         0.00023   0.42     -0.0096   -0.91    

SITE_XPOS
   0         0         0       
   0.16     -0.00022   0.0086  

SITE_XMAT
   1         0         0         0         1         0         0         0         1       
   0.49      0.02      0.87      5.8e-16   1        -0.023    -0.87      0.011     0.49    

LIGHT_XPOS
   0         0         3.5     

LIGHT_XDIR
   0         0        -1       

SUBTREE_COM
   0.053     0.0012    0.089   
   0.053     0.0012    0.089   
   0.065     0.0016    0.11    
   0.063     0.002     0.11    
   0.094     0.0027    0.11    
   0.12      0.0043    0.094   
   0.13     -7.5e-05   0.074   
   0.16     -0.0011    0.061   

CDOF
  -7.1e-16   8.3e-16  -1         0.0012   -0.014    -1.2e-17 
  -2.4e-15   1         8.9e-16  -0.027    -8.1e-17   0.017   
  -2.6e-15   1         8.9e-16  -0.035    -3.3e-18  -0.099   
  -2.8e-16   1         8.9e-16  -0.062    -4.7e-17   0.033   
  -0.49     -6.2e-16   0.87     -0.0012   -0.059    -0.00068 
  -0.02     -1        -0.011    -0.0019    0.0011   -0.092   

CINERT
   0         0         0         0         0         0         0         0         0         0       
   0.00058   0.00082   0.00035  -7.8e-06  -0.00032  -1e-05    -0.0057   -0.00019  -0.0082    0.15    
   8.4e-05   0.00011   5.3e-05   2e-06     1.9e-06  -3.8e-07   0.0017   -0.00012  -0.00018   0.1     
   7.7e-05   0.00074   0.00071  -8.3e-06   0.00015   2.2e-06  -0.0076   -0.00011   0.002     0.1     
   0.00034   0.00045   0.00016  -1.6e-06  -1.1e-05   6.6e-06  -0.00031  -0.00013   0.0056    0.1     
   0.0001    0.0003    0.00025  -3.7e-05  -0.00011  -1.6e-05   0.0041    0.00068   0.0022    0.079   
   4.9e-05   0.00055   0.00052   7.6e-06   8e-05    -1.3e-06   0.0066   -0.0001   -0.0011    0.087   
   1.6e-05   0.00015   0.00014   2.8e-06   3.8e-05  -7.1e-07   0.0013   -2.8e-05  -0.00035   0.012   

ACTUATOR_LENGTH
   5.6e-18 
  -1.7     
   1.6     
   1.2     
   0.026   
  -8.8e-05 

actuator_moment
--------
 x      |
  x     |
   x    |
    x   |
     x  |
      x |
--------

ACTUATOR_MOMENT
     0:  1       
     1:  1       
     2:  1       
     3:  1       
     4:  1       
     5:  1       

CRB
   0         0         0         0         0         0         0         0         0         0       
   0.0012    0.0031    0.0022   -4.2e-05  -0.00017  -2e-05    -2.6e-18   2.7e-20   5.2e-18   0.63    
   0.00067   0.0023    0.0018   -3.5e-05   0.00015  -9.6e-06   0.0057    0.00019   0.0082    0.49    
   0.00059   0.0022    0.0018   -3.7e-05   0.00015  -9.2e-06   0.004     0.00031   0.0084    0.38    
   0.00051   0.0014    0.0011   -2.8e-05  -4.2e-06  -1.1e-05   0.012     0.00042   0.0064    0.28    
   0.00017   0.001     0.0009   -2.7e-05   7e-06    -1.8e-05   0.012     0.00055   0.00075   0.18    
   6.5e-05   0.0007    0.00066   1e-05     0.00012  -2e-06     0.0078   -0.00013  -0.0015    0.099   
   1.6e-05   0.00015   0.00014   2.8e-06   3.8e-05  -7.1e-07   0.0013   -2.8e-05  -0.00035   0.012   

QM
   0.03    
  -1.7e-06   0.03    
  -7.7e-06   0.0018    0.034   
  -2.9e-05   0.00074   0.0015    0.029   
  -5.7e-05   5.4e-07   1.2e-06   7.7e-07   0.028   
   7.8e-07  -3.8e-05  -5.8e-05  -4.6e-05   6.1e-08   0.028   

M
     0:  0.03    
     0: -1.7e-06    1:  0.03    
     0: -7.7e-06    1:  0.0018     2:  0.034   
     0: -2.9e-05    1:  0.00074    2:  0.0015     3:  0.029   
     0: -5.7e-05    1:  5.4e-07    2:  1.2e-06    3:  7.7e-07    4:  0.028   
     0:  7.8e-07    1: -3.8e-05    2: -5.8e-05    3: -4.6e-05    4:  6.1e-08    5:  0.028   

QLD
     0:  0.03    
     0: -2.2e-05    1:  0.03    
     0: -0.00018    1:  0.052      2:  0.034   
     0: -0.00099    1:  0.025      2:  0.052      3:  0.029   
     0: -0.002      1:  1.9e-05    2:  4.2e-05    3:  2.7e-05    4:  0.028   
     0:  2.8e-05    1: -0.0013     2: -0.0021     3: -0.0016     4:  2.2e-06    5:  0.028   

QLDIAGINV
   33      
   33      
   29      
   34      
   36      
   36      

QH
     0:  0.031   
     0: -2.3e-05    1:  0.031   
     0: -0.00018    1:  0.05       2:  0.036   
     0: -0.00095    1:  0.024      2:  0.05       3:  0.03    
     0: -0.002      1:  1.8e-05    2:  4e-05      3:  2.6e-05    4:  0.029   
     0:  2.7e-05    1: -0.0013     2: -0.002      3: -0.0016     4:  2.1e-06    5:  0.029   

QHDIAGINV
   32      
   32      
   28      
   33      
   34      
   34      

B: body-dof matrix
--------
 xxxxxx |
 xxxxxx |
 xxxxxx |
 xxxxxx |
 xxxxxx |
 xxxxxx |
 xxxxxx |
 xxxxxx |
--------

B_rownnz              6 6 6 6 6 6 6 6

B_rowadr              0 6 12 18 24 30 36 42

B_colind              0 1 2 3 4 5 0 1 2 3 4 5 0 1 2 3 4 5 0 1 2 3 4 5 0 1 2 3 4 5 0 1 2 3 4 5 0 1 2 3 4 5 0 1 2 3 4 5

M: reduced inertia matrix
--------
 x      |
 xx     |
 xxx    |
 xxxx   |
 xxxxx  |
 xxxxxx |
--------

M_rownnz              1 2 3 4 5 6

M_rowadr              0 1 3 6 10 15

M_colind              0 0 1 0 1 2 0 1 2 3 0 1 2 3 4 0 1 2 3 4 5

mapM2M                0 2 1 5 4 3 9 8 7 6 14 13 12 11 10 20 19 18 17 16 15

D: dof-dof matrix
--------
 Dxxxxx |
 xDxxxx |
 xxDxxx |
 xxxDxx |
 xxxxDx |
 xxxxxD |
--------

D_rownnz              6 6 6 6 6 6

D_rowadr              0 6 12 18 24 30

D_colind              0 1 2 3 4 5 0 1 2 3 4 5 0 1 2 3 4 5 0 1 2 3 4 5 0 1 2 3 4 5 0 1 2 3 4 5

mapM2D                0 2 5 9 14 20 2 1 4 8 13 19 5 4 3 7 12 18 9 8 7 6 11 17 14 13 12 11 10 16 20 19 18 17 16 15

mapD2M                0 7 6 14 13 12 21 20 19 18 28 27 26 25 24 35 34 33 32 31 30

CONTACT
  0:
     dim           3
     geoms         6 : 18
     exclude       0
     efc_address   7
     solref         0.02      1       
     solimp         0.9       0.95      0.001     0.5       2       
     dist          -1.7e-05 
     includemargin  0       
     pos            0.06     -0.014     0.13    
     frame         -0.16      2.8e-09   0.99      4.5e-10   1        -2.7e-09  -0.99      0        -0.16    
     friction       1         1         0.005     0.0001    0.0001  
     mu             1       
     force          0.79      0         1.9e-13   0         0         0       
  1:
     dim           3
     geoms         8 : 28
     exclude       0
     efc_address   11
     solref         0.02      1       
     solimp         0.9       0.95      0.001     0.5       2       
     dist          -0.0013  
     includemargin  0       
     pos            0.089    -0.012     0.075   
     frame          1        -1.8e-08  -2.4e-08   1.8e-08   1        -4.3e-16   2.4e-08  -4.9e-32   1       
     friction       1         1         0.005     0.0001    0.0001  
     mu             1       
     force          45        1.4e-14  -5.3e-12   0         0         0       

EFC_TYPE
  1
  1
  1
  1
  1
  1
  3
  6
  6
  6
  6
  6
  6
  6
  6

EFC_ID
  0
  1
  2
  3
  4
  5
  1
  0
  0
  0
  0
  1
  1
  1
  1

EFC_J
   1         0         0         0         0         0       
   0         1         0         0         0         0       
   0         0         1         0         0         0       
   0         0         0         1         0         0       
   0         0         0         0         1         0       
   0         0         0         0         0         1       
   0         1         0         0         0         0       
   0         0.0076   -0.11      0         0         0       
   0         0.0076   -0.11      0         0         0       
   0        -0.004    -0.09      0         0         0       
   0         0.019    -0.12      0         0         0       
   0        -0.041    -0.049    -0.076    -0.024     0       
   0        -0.041    -0.049    -0.076     0.045     0       
   0        -0.061    -0.18     -0.079     0.016     0       
   0        -0.022     0.086    -0.073     0.0046    0       

EFC_POS
   0       
   0       
   0       
   0       
   0       
   0       
  -0.00091 
  -1.7e-05 
  -1.7e-05 
  -1.7e-05 
  -1.7e-05 
  -0.0013  
  -0.0013  
  -0.0013  
  -0.0013  

EFC_MARGIN
   0       
   0       
   0       
   0       
   0       
   0       
   0       
   0       
   0       
   0       
   0       
   0       
   0       
   0       
   0       

EFC_FRICTIONLOSS
   0.052   
   0.052   
   0.052   
   0.052   
   0.052   
   0.052   
   0       
   0       
   0       
   0       
   0       
   0       
   0       
   0       
   0       

EFC_DIAGAPPROX
   23      
   24      
   29      
   35      
   36      
   36      
   24      
   1.9     
   1.9     
   1.9     
   1.9     
   6       
   6       
   6       
   6       

EFC_KBIP
   0         1.1e+02   0.9       0       
   0         1.1e+02   0.9       0       
   0         1.1e+02   0.9       0       
   0         1.1e+02   0.9       0       
   0         1.1e+02   0.9       0       
   0         1.1e+02   0.9       0       
   2.8e+03   1.1e+02   0.95     -19      
   2.8e+03   1.1e+02   0.9      -3.3     
   2.8e+03   1.1e+02   0.9      -3.3     
   2.8e+03   1.1e+02   0.9      -3.3     
   2.8e+03   1.1e+02   0.9      -3.3     
   2.8e+03   1.1e+02   0.95      0       
   2.8e+03   1.1e+02   0.95      0       
   2.8e+03   1.1e+02   0.95      0       
   2.8e+03   1.1e+02   0.95      0       

EFC_D
   0.39    
   0.37    
   0.31    
   0.26    
   0.25    
   0.25    
   0.77    
   4.8     
   4.8     
   4.8     
   4.8     
   3.2     
   3.2     
   3.2     
   3.2     

EFC_R
   2.6     
   2.7     
   3.2     
   3.9     
   4       
   4       
   1.3     
   0.21    
   0.21    
   0.21    
   0.21    
   0.31    
   0.31    
   0.31    
   0.31    

ACTUATOR_VELOCITY
  -1.4e-19 
  -5.1e-14 
  -5.2e-14 
   5e-14   
   6.7e-16 
  -2.8e-18 

CVEL
   0         0         0         0         0         0       
   0         0         0         0         0         0       
   9.7e-35  -1.1e-34   1.4e-19  -1.7e-22   1.9e-21   1.7e-36 
   1.3e-28  -5.1e-14   1.4e-19   1.4e-15   1.9e-21  -8.5e-16 
   2.6e-28  -1e-13     1.4e-19   3.2e-15   1.9e-21   4.3e-15 
   2.5e-28  -5.4e-14   1.4e-19   1.6e-16   1.9e-21   6e-15   
  -3.3e-16  -5.4e-14   5.8e-16   1.6e-16  -4e-17     6e-15   
  -3.3e-16  -5.4e-14   5.8e-16   1.6e-16  -4e-17     6e-15   

CDOF_DOT
  -0         0         0         0         0         0       
  -1.4e-19  -3.3e-34   9.7e-35   9.1e-36  -3.7e-21  -1.7e-22 
  -1.4e-19  -3.5e-34  -8.6e-30   6e-15    -4.8e-21  -4.1e-16 
  -1.4e-19  -3.8e-35   2.3e-28  -7.8e-15  -8.4e-21  -3.2e-15 
  -4.7e-14  -6.6e-20  -2.6e-14   3.7e-17  -3.1e-15  -6.7e-17 
   1.2e-15  -1.5e-17  -7.5e-16   1.1e-14  -1.5e-16  -2.6e-16 

QFRC_BIAS
  -1.1e-16 
   0.023   
  -0.39    
  -0.059   
  -4.8e-05 
   0.0016  

QFRC_SPRING
   0       
   0       
   0       
   0       
   0       
   0       

QFRC_DAMPER
   8.2e-20 
   3.1e-14 
   3.1e-14 
  -3e-14   
  -4e-16   
   1.7e-18 

QFRC_GRAVCOMP
   0       
   0       
   0       
   0       
   0       
   0       

QFRC_FLUID
   0       
   0       
   0       
   0       
   0       
   0       

QFRC_PASSIVE
   8.2e-20 
   3.1e-14 
   3.1e-14 
  -3e-14   
  -4e-16   
   1.7e-18 

EFC_VEL
  -1.4e-19 
  -5.1e-14 
  -5.2e-14 
   5e-14   
   6.7e-16 
  -2.8e-18 
  -5.1e-14 
   5.1e-15 
   5.1e-15 
   4.9e-15 
   5.3e-15 
   9.1e-16 
   9.6e-16 
   8.9e-15 
  -7e-15   

EFC_AREF
   1.4e-17 
   5.4e-12 
   5.5e-12 
  -5.2e-12 
  -7e-14   
   2.9e-16 
   2.4     
   0.041   
   0.041   
   0.041   
   0.041   
   3.5     
   3.5     
   3.5     
   3.5     

SUBTREE_LINVEL
   0         0         0       
   0         0         0       
   0         0         0       
   0         0         0       
   0         0         0       
   0         0         0       
   0         0         0       
   0         0         0       

SUBTREE_ANGMOM
   0         0         0       
   0         0         0       
   0         0         0       
   0         0         0       
   0         0         0       
   0         0         0       
   0         0         0       
   0         0         0       

ACTUATOR_FORCE
  -1e-16   
   0.022   
   1.9     
   3.4     
  -0.46    
   0.0016  

QFRC_ACTUATOR
  -1e-16   
   0.022   
   1.9     
   3.4     
  -0.46    
   0.0016  

QFRC_SMOOTH
   7.3e-18 
  -0.00064 
   2.3     
   3.4     
  -0.46    
  -7.4e-17 

QACC_SMOOTH
   0.094   
  -6.6     
   62      
   1.1e+02 
  -17      
   0.31    

EFC_B
   0.094   
  -6.6     
   62      
   1.1e+02 
  -17      
   0.31    
  -9       
  -6.6     
  -6.6     
  -5.6     
  -7.6     
  -15      
  -16      
  -24      
  -6.5     

EFC_FORCE
  -6.2e-18 
   2e-12   
   1.7e-12 
  -1.3e-12 
  -1.8e-14 
   7.4e-17 
   1.8     
   0.2     
   0.2     
   0.2     
   0.2     
   11      
   11      
   11      
   11      

EFC_STATE
  1
  1
  1
  1
  1
  1
  1
  1
  1
  1
  1
  1
  1
  1
  1

QFRC_CONSTRAINT
  -6.2e-18 
   0.00064 
  -2.3     
  -3.4     
   0.46    
   7.4e-17 

QFRC_INVERSE
   0       
   0       
   0       
   0       
   0       
   0       

CACC
   0         0         0         0         0         0       
   0         0         0         0         0         0       
   0         0         0         0         0         0       
   0         0         0         0         0         0       
   0         0         0         0         0         0       
   0         0         0         0         0         0       
   0         0         0         0         0         0       
   0         0         0         0         0         0       

CFRC_INT
   0         0         0         0         0         0       
   0         0         0         0         0         0       
   0         0         0         0         0         0       
   0         0         0         0         0         0       
   0         0         0         0         0         0       
   0         0         0         0         0         0       
   0         0         0         0         0         0       
   0         0         0         0         0         0       

CFRC_EXT
   0         0         0         0         0         0       
   0         0         0         0         0         0       
   0         0         0         0         0         0       
   0         0         0         0         0         0       
   0         0         0         0         0         0       
   0         0         0         0         0         0       
   0         0         0         0         0         0       
   0         0         0         0         0         0       

